EST_DST,EST_SRC,ETH_TYPE,IN_PORT,IPV4_DST,IPV4_SRC,IPV6_DST,IPV6_SRC,IP_PROTO,PORT_DST,PORT_SRC
0,0,1,0,1,1,0,0,1,1,0
0,0,1,0,1,1,0,0,1,1,0
0,0,1,0,1,1,0,0,1,1,0
0,0,1,0,1,1,0,0,1,1,0
0,0,1,0,1,1,0,0,1,1,0
0,0,1,0,1,1,0,0,1,1,0
0,0,1,0,1,1,0,0,1,1,0
0,0,1,0,1,1,0,0,1,1,0
0,0,1,0,1,1,0,0,1,1,0
0,0,1,0,1,1,0,0,1,1,0
0,0,1,0,1,1,0,0,1,1,0
0,0,1,0,1,1,0,0,1,1,0
0,0,1,0,1,1,0,0,1,1,0
0,0,1,0,1,1,0,0,1,1,0
0,0,1,0,1,1,0,0,1,1,0
0,0,1,0,1,1,0,0,1,1,0
0,0,1,0,1,1,0,0,1,1,0
0,0,1,0,1,1,0,0,1,1,0
0,0,1,0,1,1,0,0,1,1,0
0,0,1,0,1,1,0,0,1,1,0
0,0,1,0,1,1,0,0,1,1,0
0,0,1,0,1,1,0,0,1,1,0
0,0,1,0,1,1,0,0,1,1,0
0,0,1,0,1,1,0,0,1,1,0
0,0,1,0,1,1,0,0,1,1,0
0,0,1,0,1,1,0,0,1,1,0
0,0,1,0,1,1,0,0,1,1,0
0,0,1,0,1,1,0,0,1,1,0
0,0,1,0,1,1,0,0,1,1,0
0,0,1,0,1,1,0,0,1,1,0
0,0,1,0,1,1,0,0,1,1,0
0,0,1,0,1,1,0,0,1,1,0
0,0,1,0,1,1,0,0,1,1,0
0,0,1,0,1,1,0,0,1,1,0
0,0,1,0,1,1,0,0,1,1,0
0,0,1,0,1,1,0,0,1,1,0
0,0,1,0,1,1,0,0,1,1,0
0,0,1,0,1,1,0,0,1,1,0
0,0,1,0,1,1,0,0,1,1,0
0,0,1,0,1,1,0,0,1,1,0
0,0,1,0,1,1,0,0,1,1,0
0,0,1,0,1,1,0,0,1,1,0
0,0,1,0,1,1,0,0,1,1,0
0,0,1,0,1,1,0,0,1,1,0
0,0,1,0,1,1,0,0,1,1,0
0,0,1,0,1,1,0,0,1,1,0
0,0,1,0,1,1,0,0,1,1,0
0,0,1,0,1,1,0,0,1,1,0
0,0,1,0,1,1,0,0,1,1,0
0,0,1,0,1,1,0,0,1,1,0
0,0,1,0,1,1,0,0,1,1,0
0,0,1,0,1,1,0,0,1,1,0
0,0,1,0,1,1,0,0,1,1,0
0,0,1,0,1,1,0,0,1,1,0
0,0,1,0,1,1,0,0,1,1,0
0,0,1,0,1,1,0,0,1,1,0
0,0,1,0,1,1,0,0,1,1,0
0,0,1,0,1,1,0,0,1,1,0
0,0,1,0,1,1,0,0,1,1,0
0,0,1,0,1,1,0,0,1,1,0
0,0,1,0,1,1,0,0,1,1,0
0,0,1,0,1,1,0,0,1,1,0
0,0,1,0,1,1,0,0,1,1,0
0,0,1,0,1,1,0,0,1,1,0
0,0,1,0,1,1,0,0,1,1,0
0,0,1,0,1,1,0,0,1,1,0
0,0,1,0,1,1,0,0,1,1,0
0,0,1,0,1,1,0,0,1,1,0
0,0,1,0,1,1,0,0,1,1,0
0,0,1,0,1,1,0,0,1,1,0
0,0,1,0,1,1,0,0,1,1,0
0,0,1,0,1,1,0,0,1,1,0
0,0,1,0,1,1,0,0,1,0,0
0,0,1,0,1,1,0,0,1,0,0
0,0,1,0,1,1,0,0,1,0,0
0,0,1,0,1,1,0,0,1,0,0
0,0,1,0,1,1,0,0,1,0,0
0,0,1,0,1,1,0,0,1,0,0
0,0,1,0,1,1,0,0,1,0,0
0,0,1,0,1,1,0,0,1,0,0
0,0,1,0,1,1,0,0,1,0,0
0,0,1,0,1,1,0,0,0,0,0
0,0,1,0,1,1,0,0,0,0,0
0,0,1,0,1,1,0,0,0,0,0
0,0,1,0,1,1,0,0,1,0,0
0,0,1,0,1,1,0,0,1,0,0
0,0,1,0,1,1,0,0,0,0,0
0,0,1,0,1,1,0,0,0,0,0
0,0,1,0,1,1,0,0,1,0,0
0,0,1,0,1,1,0,0,0,0,0
0,0,1,0,1,1,0,0,0,0,0
0,0,1,0,1,1,0,0,1,0,0
0,0,1,0,1,1,0,0,1,0,0
0,0,1,0,1,1,0,0,1,0,0
0,0,1,0,1,1,0,0,1,0,0
0,0,1,0,1,1,0,0,1,0,0
0,0,1,0,1,1,0,0,1,0,0
0,0,1,0,1,1,0,0,0,0,0
0,0,1,0,1,1,0,0,1,0,0
0,0,1,0,1,1,0,0,1,0,0
1,0,0,0,0,0,0,0,0,0,0
0,0,0,1,0,0,0,0,0,0,0
0,0,0,0,0,0,0,0,1,0,0
0,0,0,1,0,0,0,0,0,0,0
0,0,0,0,0,0,0,0,1,0,0
1,0,0,0,0,0,0,0,0,0,0
1,0,0,0,0,0,0,0,0,0,0
0,0,0,1,0,0,0,0,0,0,0
0,0,0,0,1,0,0,0,0,0,0
0,0,0,0,1,0,0,0,0,0,0
1,0,0,0,0,0,0,0,0,0,0
0,0,0,0,1,0,0,0,0,0,0
0,0,0,0,1,0,0,0,0,0,0
0,0,0,0,0,0,0,0,1,0,0
0,0,0,1,0,0,0,0,0,0,0
0,0,0,1,0,0,0,0,0,0,0
0,0,0,0,0,0,0,0,1,0,0
0,0,0,1,0,0,0,0,0,0,0
0,0,0,0,0,0,0,0,1,0,0
0,0,0,1,0,0,0,0,0,0,0
1,0,0,0,0,0,0,0,0,0,0
0,0,0,1,0,0,0,0,0,0,0
1,0,0,0,0,0,0,0,0,0,0
0,0,0,0,1,0,0,0,0,0,0
0,0,0,1,0,0,0,0,0,0,0
0,0,0,0,1,0,0,0,0,0,0
0,0,0,1,0,0,0,0,0,0,0
0,0,0,0,1,0,0,0,0,0,0
0,0,0,0,0,0,0,0,1,0,0
0,0,0,1,0,0,0,0,0,0,0
0,0,0,1,0,0,0,0,0,0,0
0,0,0,0,0,0,0,0,1,0,0
0,0,0,1,0,0,0,0,0,0,0
0,0,0,1,0,0,0,0,0,0,0
0,0,0,0,1,0,0,0,0,0,0
0,0,0,1,0,0,0,0,0,0,0
0,0,0,1,0,0,0,0,0,0,0
0,0,0,1,0,0,0,0,0,0,0
0,0,0,0,0,0,0,0,1,0,0
0,0,0,0,1,0,0,0,0,0,0
1,0,0,0,0,0,0,0,0,0,0
0,0,0,0,0,0,0,0,1,0,0
1,0,0,0,0,0,0,0,0,0,0
0,0,0,1,0,0,0,0,0,0,0
1,0,0,0,0,0,0,0,0,0,0
0,0,0,1,0,0,0,0,0,0,0
0,0,0,0,0,0,0,0,1,0,0
1,0,0,0,0,0,0,0,0,0,0
1,0,0,0,0,0,0,0,0,0,0
0,0,0,0,1,0,0,0,0,0,0
0,0,0,0,0,0,0,0,1,0,0
1,0,0,0,0,0,0,0,0,0,0
0,0,0,1,0,0,0,0,0,0,0
0,0,0,1,0,0,0,0,0,0,0
1,0,0,0,0,0,0,0,0,0,0
0,0,0,1,0,0,0,0,0,0,0
0,0,0,1,0,0,0,0,0,0,0
0,0,0,0,1,0,0,0,0,0,0
0,0,0,1,0,0,0,0,0,0,0
0,0,0,0,1,0,0,0,0,0,0
0,0,0,0,0,0,0,0,1,0,0
1,0,0,0,0,0,0,0,0,0,0
0,0,0,1,0,0,0,0,0,0,0
0,0,0,0,1,0,0,0,0,0,0
0,0,0,1,0,0,0,0,0,0,0
0,0,0,1,0,0,0,0,0,0,0
1,0,0,0,0,0,0,0,0,0,0
0,0,0,0,1,0,0,0,0,0,0
0,0,0,0,1,0,0,0,0,0,0
0,0,0,1,0,0,0,0,0,0,0
0,0,0,1,0,0,0,0,0,0,0
0,0,0,0,1,0,0,0,0,0,0
0,0,0,1,0,0,0,0,0,0,0
0,0,0,0,1,0,0,0,0,0,0
0,0,0,1,0,0,0,0,0,0,0
0,0,0,1,0,0,0,0,0,0,0
0,0,0,1,0,0,0,0,0,0,0
1,0,0,0,0,0,0,0,0,0,0
1,0,0,0,0,0,0,0,0,0,0
0,0,0,0,1,0,0,0,0,0,0
0,0,0,0,1,0,0,0,0,0,0
0,0,0,0,1,0,0,0,0,0,0
0,0,0,1,0,0,0,0,0,0,0
0,0,0,1,0,0,0,0,0,0,0
0,0,0,0,0,0,0,0,1,0,0
0,0,0,1,0,0,0,0,0,0,0
1,0,0,0,0,0,0,0,0,0,0
0,0,0,0,1,0,0,0,0,0,0
1,0,0,0,0,0,0,0,0,0,0
0,0,0,0,1,0,0,0,0,0,0
0,0,0,0,1,0,0,0,0,0,0
1,0,0,0,0,0,0,0,0,0,0
0,0,0,1,0,0,0,0,0,0,0
0,0,0,0,1,0,0,0,0,0,0
0,0,0,0,1,0,0,0,0,0,0
0,0,0,0,0,0,0,0,1,0,0
0,0,0,1,0,0,0,0,0,0,0
1,0,0,0,0,0,0,0,0,0,0
0,0,0,1,0,0,0,0,0,0,0
1,0,0,0,0,0,0,0,0,0,0
0,0,0,0,1,0,0,0,0,0,0
0,0,0,0,0,0,0,0,1,0,0
1,0,0,0,0,0,0,0,0,0,0
1,0,0,0,0,0,0,0,0,0,0
0,0,0,0,0,0,0,0,1,0,0
0,0,0,0,1,0,0,0,0,0,0
0,0,0,1,0,0,0,0,0,0,0
0,0,0,0,1,0,0,0,0,0,0
0,0,0,1,0,0,0,0,0,0,0
1,0,0,0,0,0,0,0,0,0,0
0,0,0,1,0,0,0,0,0,0,0
0,0,0,0,1,0,0,0,0,0,0
0,0,0,0,1,0,0,0,0,0,0
0,0,0,1,0,0,0,0,0,0,0
0,0,0,1,0,0,0,0,0,0,0
0,0,0,1,0,0,0,0,0,0,0
